8 0.0885 0.6626506024096386 0.055 0.30120481927710846
8 0.1325 0.6302710843373494 0.083 0.3960843373493976
8 0.1295 0.6694277108433735 0.043 0.21536144578313254
8 0.204 0.6995481927710844 0.05 0.2756024096385542
8 0.279 0.6859939759036144 0.054 0.18825301204819278
8 0.3125 0.6121987951807228 0.087 0.5045180722891566
8 0.383 0.6460843373493976 0.046 0.2740963855421687
8 0.4295 0.6581325301204819 0.079 0.29819277108433734
8 0.506 0.6686746987951807 0.062 0.2891566265060241
8 0.538 0.6287650602409639 0.074 0.38403614457831325
8 0.6975 0.6528614457831325 0.087 0.32680722891566266
8 0.6875 0.6332831325301205 0.121 0.3870481927710843
8 0.807 0.615210843373494 0.112 0.5707831325301205
8 0.8775 0.6618975903614458 0.075 0.34186746987951805